10 	 100008749 	 100010823 	 LOXL4
10 	 100010934 	 100011324 	 LOXL4
10 	 100011460 	 100012111 	 LOXL4
10 	 100011960 	 100015346 	 RP11-34A14.3
10 	 100012226 	 100013311 	 LOXL4
10 	 100013554 	 100015335 	 LOXL4
10 	 100015497 	 100016538 	 LOXL4
10 	 100016705 	 100017408 	 LOXL4
10 	 100017562 	 100017739 	 LOXL4
10 	 100017922 	 100018767 	 LOXL4
10 	 100018986 	 100019149 	 LOXL4
10 	 100019187 	 100020680 	 LOXL4
10 	 100020885 	 100021793 	 LOXL4
10 	 100021971 	 100022501 	 LOXL4
10 	 100022809 	 100027890 	 LOXL4
10 	 100143626 	 100144705 	 PYROXD2
10 	 100144825 	 100146959 	 PYROXD2
10 	 100147065 	 100147623 	 PYROXD2
10 	 100147065 	 100148112 	 PYROXD2
10 	 100147065 	 100150356 	 PYROXD2
10 	 100147842 	 100148112 	 PYROXD2
10 	 100148266 	 100150356 	 PYROXD2
10 	 100150512 	 100150629 	 PYROXD2
10 	 100150512 	 100150768 	 PYROXD2
10 	 100150840 	 100152190 	 PYROXD2
10 	 100152324 	 100152700 	 PYROXD2
10 	 100152841 	 100154954 	 PYROXD2
10 	 100155051 	 100155149 	 PYROXD2
10 	 100155210 	 100157103 	 PYROXD2
10 	 100157256 	 100159860 	 PYROXD2
10 	 100160015 	 100167340 	 PYROXD2
10 	 100167413 	 100167662 	 PYROXD2
10 	 100167755 	 100170371 	 PYROXD2
10 	 100167755 	 100170697 	 PYROXD2
10 	 100170716 	 100170933 	 PYROXD2
10 	 100170716 	 100174767 	 PYROXD2
10 	 100174053 	 100174490 	 PYROXD2
10 	 100174053 	 100174767 	 PYROXD2
10 	 100174592 	 100174767 	 PYROXD2
10 	 100177484 	 100177933 	 HPS1
10 	 100178015 	 100179803 	 HPS1
10 	 100179916 	 100182127 	 HPS1
10 	 100182271 	 100183361 	 HPS1
10 	 100183426 	 100183511 	 HPS1
10 	 100183645 	 100184071 	 HPS1
10 	 100184132 	 100185299 	 HPS1
10 	 100185478 	 100185576 	 HPS1
10 	 100185478 	 100186973 	 HPS1
10 	 100185743 	 100186973 	 HPS1
10 	 100187022 	 100189331 	 HPS1
10 	 100189400 	 100189549 	 HPS1
10 	 100189400 	 100190329 	 HPS1
10 	 100189647 	 100190329 	 HPS1
10 	 100190428 	 100190889 	 HPS1
10 	 100190428 	 100193698 	 HPS1
10 	 100190428 	 100193741 	 HPS1
10 	 100191049 	 100193698 	 HPS1
10 	 100191049 	 100193741 	 HPS1
10 	 100193849 	 100195030 	 HPS1
10 	 100193849 	 100195393 	 HPS1
10 	 100195172 	 100195393 	 HPS1
10 	 100195530 	 100202882 	 HPS1
10 	 100202715 	 100202882 	 HPS1
10 	 100202998 	 100205058 	 HPS1
10 	 100205162 	 100206565 	 HPS1
10 	 100205171 	 100206565 	 HPS1
10 	 100219497 	 100221508 	 HPSE2
10 	 100219497 	 100242394 	 HPSE2
10 	 100221577 	 100242394 	 HPSE2
10 	 100242540 	 100249809 	 HPSE2
10 	 100249954 	 100374662 	 HPSE2
10 	 100374776 	 100380360 	 HPSE2
10 	 100380466 	 100401605 	 HPSE2
10 	 100401698 	 100453658 	 HPSE2
10 	 100453705 	 100481415 	 HPSE2
10 	 100481586 	 100503641 	 HPSE2
10 	 100481586 	 100903996 	 HPSE2
10 	 100481586 	 100992106 	 HPSE2
10 	 100503814 	 100903996 	 HPSE2
10 	 100773210 	 100773528 	 ARL5AP2
10 	 100904157 	 100992106 	 HPSE2
10 	 100992263 	 100995271 	 HPSE2
10 	 10100762 	 10101255 	 RP5-933E2.1
10 	 10101433 	 10103616 	 RP5-933E2.1
10 	 10103727 	 10105260 	 RP5-933E2.1
10 	 101089388 	 101089539 	 CNNM1
10 	 101089628 	 101089692 	 CNNM1
10 	 101090718 	 101117270 	 CNNM1
10 	 101117413 	 101120593 	 CNNM1
10 	 101120733 	 101121985 	 CNNM1
10 	 101122154 	 101124175 	 CNNM1
10 	 101124274 	 101124713 	 CNNM1
10 	 101124760 	 101128376 	 CNNM1
10 	 101124760 	 101136813 	 CNNM1
10 	 101128438 	 101136813 	 CNNM1
10 	 101136976 	 101147578 	 CNNM1
10 	 101147761 	 101147910 	 CNNM1
10 	 101147761 	 101150064 	 CNNM1
10 	 101148059 	 101150064 	 CNNM1
10 	 101150165 	 101151195 	 CNNM1
10 	 101157444 	 101162338 	 GOT1
10 	 101162480 	 101163227 	 GOT1
10 	 101163392 	 101163482 	 GOT1
10 	 101163632 	 101165514 	 GOT1
10 	 101165618 	 101165895 	 GOT1
10 	 101166007 	 101166484 	 GOT1
10 	 101166607 	 101180382 	 GOT1
10 	 101180563 	 101189980 	 GOT1
10 	 101180563 	 101190206 	 GOT1
10 	 101191023 	 101193304 	 RP11-441O15.3
10 	 101193698 	 101195263 	 RP11-441O15.3
10 	 101195381 	 101195467 	 RP11-441O15.3
10 	 101286224 	 101286381 	 RP11-129J12.2
10 	 101286452 	 101287054 	 RP11-129J12.2
10 	 101286452 	 101287564 	 RP11-129J12.2
10 	 101286962 	 101287752 	 RP11-129J12.1
10 	 101287879 	 101288348 	 RP11-129J12.2
10 	 101288442 	 101290770 	 RP11-129J12.2
10 	 101293247 	 101294743 	 NKX2-3
10 	 101371124 	 101372301 	 SLC25A28
10 	 101372357 	 101373454 	 SLC25A28
10 	 101372357 	 101379803 	 SLC25A28
10 	 101373682 	 101379803 	 SLC25A28
10 	 101373682 	 101380291 	 SLC25A28
10 	 101411968 	 101413583 	 RP11-483F11.7
10 	 101419346 	 101419620 	 ENTPD7
10 	 101419722 	 101421204 	 ENTPD7
10 	 101421386 	 101439019 	 ENTPD7
10 	 101439224 	 101439483 	 ENTPD7
10 	 101439633 	 101445550 	 ENTPD7
10 	 101445653 	 101448452 	 ENTPD7
10 	 101448508 	 101451143 	 ENTPD7
10 	 101451276 	 101455714 	 ENTPD7
10 	 101455880 	 101458292 	 ENTPD7
10 	 101458616 	 101460625 	 ENTPD7
10 	 101458616 	 101460731 	 ENTPD7
10 	 101460816 	 101462270 	 ENTPD7
10 	 101462431 	 101464210 	 ENTPD7
10 	 101462431 	 101482676 	 CUTC
10 	 101473237 	 101476106 	 COX15
10 	 101474476 	 101476106 	 COX15
10 	 101476219 	 101478104 	 COX15
10 	 101478258 	 101480745 	 COX15
10 	 101480826 	 101483714 	 COX15
10 	 101482868 	 101496004 	 CUTC
10 	 101483881 	 101486726 	 COX15
10 	 101486912 	 101487199 	 COX15
10 	 101487321 	 101489311 	 COX15
10 	 101489492 	 101491718 	 COX15
10 	 101492167 	 101496004 	 CUTC
10 	 101492318 	 101496004 	 CUTC
10 	 101496075 	 101499468 	 CUTC
10 	 101499527 	 101502911 	 CUTC
10 	 101503120 	 101503795 	 CUTC
10 	 101503830 	 101507015 	 CUTC
10 	 101507148 	 101510127 	 CUTC
10 	 101507148 	 101514287 	 CUTC
10 	 101510154 	 101514287 	 CUTC
10 	 101514392 	 101515383 	 CUTC
10 	 101542635 	 101544366 	 ABCC2
10 	 101544539 	 101551992 	 ABCC2
10 	 101552117 	 101553309 	 ABCC2
10 	 101553443 	 101553650 	 ABCC2
10 	 101553757 	 101554171 	 ABCC2
10 	 101554226 	 101556855 	 ABCC2
10 	 101557089 	 101558965 	 ABCC2
10 	 101559128 	 101560144 	 ABCC2
10 	 101560321 	 101563777 	 ABCC2
10 	 101564031 	 101565140 	 ABCC2
10 	 101565205 	 101567142 	 ABCC2
10 	 101567279 	 101567841 	 ABCC2
10 	 101567987 	 101569892 	 ABCC2
10 	 101569976 	 101571294 	 ABCC2
10 	 101571360 	 101572776 	 ABCC2
10 	 101572902 	 101577066 	 ABCC2
10 	 101577242 	 101578548 	 ABCC2
10 	 101578715 	 101578847 	 ABCC2
10 	 101579027 	 101590065 	 ABCC2
10 	 101590191 	 101590474 	 ABCC2
10 	 101590609 	 101591369 	 ABCC2
10 	 101591588 	 101591735 	 ABCC2
10 	 101591889 	 101594138 	 ABCC2
10 	 101594293 	 101595849 	 ABCC2
10 	 101596048 	 101601725 	 ABCC2
10 	 101601851 	 101603557 	 ABCC2
10 	 101603658 	 101604080 	 ABCC2
10 	 101604223 	 101605382 	 ABCC2
10 	 101605540 	 101606719 	 ABCC2
10 	 101606885 	 101610360 	 ABCC2
10 	 101610554 	 101611260 	 ABCC2
10 	 101637094 	 101639569 	 DNMBP
10 	 101640119 	 101643769 	 DNMBP
10 	 101643967 	 101645445 	 DNMBP
10 	 101645624 	 101646058 	 DNMBP
10 	 101646390 	 101648583 	 DNMBP
10 	 101648711 	 101654319 	 DNMBP
10 	 101648711 	 101654704 	 DNMBP
10 	 101654419 	 101654704 	 DNMBP
10 	 101654808 	 101656025 	 DNMBP
10 	 101654808 	 101657844 	 DNMBP
10 	 101656155 	 101657844 	 DNMBP
10 	 101656198 	 101657815 	 DNMBP
10 	 101658043 	 101658501 	 DNMBP
10 	 101658518 	 101659677 	 DNMBP
10 	 101659824 	 101667753 	 DNMBP
10 	 101667852 	 101668711 	 DNMBP
10 	 101668904 	 101673711 	 DNMBP
10 	 101668904 	 101689366 	 DNMBP
10 	 101668904 	 101714972 	 DNMBP
10 	 101687057 	 101687918 	 DNMBP-AS1
10 	 101687998 	 101689494 	 DNMBP-AS1
10 	 101687998 	 101715432 	 DNMBP-AS1
10 	 101715590 	 101716240 	 DNMBP-AS1
10 	 101716349 	 101716547 	 DNMBP-AS1
10 	 101716963 	 101728873 	 DNMBP
10 	 101728995 	 101731738 	 DNMBP
10 	 101731892 	 101769596 	 DNMBP
10 	 101802331 	 101808516 	 CPN1
10 	 101808634 	 101814105 	 CPN1
10 	 101814204 	 101816771 	 CPN1
10 	 101816910 	 101823372 	 CPN1
10 	 101823483 	 101824946 	 CPN1
10 	 101825128 	 101829472 	 CPN1
10 	 101829627 	 101835669 	 CPN1
10 	 101835865 	 101841161 	 CPN1
10 	 1018934 	 1034245 	 AL359878.1
10 	 101903048 	 101903372 	 RP11-316M21.9
10 	 101912110 	 101914618 	 ERLIN1
10 	 101914697 	 101915903 	 ERLIN1
10 	 101915992 	 101923762 	 ERLIN1
10 	 101923853 	 101927106 	 ERLIN1
10 	 101927164 	 101933966 	 ERLIN1
10 	 101934039 	 101935703 	 ERLIN1
10 	 101935828 	 101937891 	 ERLIN1
10 	 101937952 	 101938959 	 ERLIN1
10 	 101939005 	 101943514 	 ERLIN1
10 	 101943595 	 101945272 	 ERLIN1
10 	 101945395 	 101945662 	 ERLIN1
10 	 101945395 	 101945720 	 ERLIN1
10 	 101949385 	 101950627 	 CHUK
10 	 101949922 	 101950057 	 RP11-316M21.7
10 	 101950726 	 101952217 	 CHUK
10 	 101950726 	 101953056 	 CHUK
10 	 101950726 	 101953147 	 CHUK
10 	 101953189 	 101953742 	 CHUK
10 	 101953889 	 101954183 	 CHUK
10 	 101954279 	 101959729 	 CHUK
10 	 101959778 	 101960429 	 CHUK
10 	 101960538 	 101961846 	 CHUK
10 	 101961907 	 101964264 	 CHUK
10 	 101964415 	 101964834 	 CHUK
10 	 101964957 	 101966988 	 CHUK
10 	 101967090 	 101969353 	 CHUK
10 	 101969547 	 101977753 	 CHUK
10 	 101977888 	 101978476 	 CHUK
10 	 101978583 	 101978766 	 CHUK
10 	 101978890 	 101979028 	 CHUK
10 	 101979117 	 101980346 	 CHUK
10 	 101980434 	 101981870 	 CHUK
10 	 101981939 	 101982624 	 CHUK
10 	 101982738 	 101985681 	 CHUK
10 	 101985775 	 101989186 	 CHUK
10 	 101989482 	 101990773 	 RP11-316M21.6
10 	 101990884 	 101991004 	 RP11-316M21.6
10 	 101991418 	 101992989 	 RP11-316M21.6
10 	 101992245 	 101992868 	 CWF19L1
10 	 101993129 	 101995425 	 CWF19L1
10 	 101993201 	 101993711 	 RP11-316M21.6
10 	 101995522 	 101996608 	 CWF19L1
10 	 101995522 	 101997780 	 CWF19L1
10 	 101996727 	 101997780 	 CWF19L1
10 	 101997989 	 102003456 	 CWF19L1
10 	 101997989 	 102013179 	 CWF19L1
10 	 102003530 	 102005557 	 CWF19L1
10 	 102003535 	 102005557 	 CWF19L1
10 	 102005671 	 102006553 	 CWF19L1
10 	 102006693 	 102009868 	 CWF19L1
10 	 102006693 	 102010006 	 CWF19L1
10 	 102009936 	 102013179 	 CWF19L1
10 	 102010090 	 102013179 	 CWF19L1
10 	 102013297 	 102016020 	 CWF19L1
10 	 102013297 	 102019976 	 CWF19L1
10 	 102013297 	 102020724 	 CWF19L1
10 	 102013297 	 102027329 	 CWF19L1
10 	 102016234 	 102019976 	 CWF19L1
10 	 102016234 	 102020724 	 CWF19L1
10 	 102016234 	 102027329 	 CWF19L1
10 	 102020077 	 102020724 	 CWF19L1
10 	 102020786 	 102021737 	 CWF19L1
10 	 102020802 	 102021737 	 CWF19L1
10 	 102021821 	 102027329 	 CWF19L1
10 	 102035251 	 102039882 	 BLOC1S2
10 	 102039986 	 102040692 	 BLOC1S2
10 	 102040811 	 102045855 	 BLOC1S2
10 	 102045971 	 102046363 	 BLOC1S2
10 	 102046090 	 102046363 	 BLOC1S2
10 	 102048236 	 102048730 	 PKD2L1
10 	 102048236 	 102049773 	 PKD2L1
10 	 102048236 	 102089627 	 PKD2L1
10 	 102048814 	 102049773 	 PKD2L1
10 	 102049896 	 102050159 	 PKD2L1
10 	 102050277 	 102051059 	 PKD2L1
10 	 102051185 	 102052706 	 PKD2L1
10 	 102052827 	 102053039 	 PKD2L1
10 	 102053137 	 102054293 	 PKD2L1
10 	 102054413 	 102054700 	 PKD2L1
10 	 102054881 	 102055880 	 PKD2L1
10 	 102056050 	 102056738 	 PKD2L1
10 	 102056966 	 102057140 	 PKD2L1
10 	 102056966 	 102058320 	 PKD2L1
10 	 102057364 	 102058320 	 PKD2L1
10 	 102058573 	 102059349 	 PKD2L1
10 	 102059476 	 102088969 	 PKD2L1
10 	 102089082 	 102089627 	 PKD2L1
10 	 102089082 	 102089667 	 PKD2L1
10 	 102089104 	 102089627 	 PKD2L1
10 	 102095522 	 102096739 	 RP11-34D15.2
10 	 102096796 	 102102483 	 RP11-34D15.2
10 	 102102590 	 102106046 	 RP11-34D15.2
10 	 102107289 	 102107822 	 SCD
10 	 102108104 	 102112124 	 SCD
10 	 102112254 	 102114185 	 SCD
10 	 102114390 	 102116290 	 SCD
10 	 102116522 	 102120492 	 SCD
10 	 102122590 	 102122596 	 AL139819.1
10 	 102122658 	 102122661 	 AL139819.1
10 	 102122771 	 102122773 	 AL139819.1
10 	 102133770 	 102140974 	 LINC00263
10 	 102222994 	 102238810 	 WNT8B
10 	 102238843 	 102239632 	 WNT8B
10 	 102239770 	 102240756 	 WNT8B
10 	 102240881 	 102241670 	 WNT8B
10 	 102241812 	 102242029 	 WNT8B
10 	 102247553 	 102247785 	 SEC31B
10 	 102247856 	 102248616 	 SEC31B
10 	 102248732 	 102249010 	 SEC31B
10 	 102248732 	 102249461 	 SEC31B
10 	 102248735 	 102249010 	 SEC31B
10 	 102249156 	 102249461 	 SEC31B
10 	 102249519 	 102249766 	 SEC31B
10 	 102249519 	 102250464 	 SEC31B
10 	 102250080 	 102250464 	 SEC31B
10 	 102250641 	 102255143 	 SEC31B
10 	 102255304 	 102256016 	 SEC31B
10 	 102256189 	 102256893 	 SEC31B
10 	 102256189 	 102257425 	 SEC31B
10 	 102257038 	 102257425 	 SEC31B
10 	 102257551 	 102257787 	 SEC31B
10 	 102257965 	 102258463 	 SEC31B
10 	 102257965 	 102258918 	 SEC31B
10 	 102258562 	 102258918 	 SEC31B
10 	 102259016 	 102259175 	 SEC31B
10 	 102259016 	 102259282 	 SEC31B
10 	 102259356 	 102259868 	 SEC31B
10 	 102259356 	 102262012 	 SEC31B
10 	 102259917 	 102261412 	 SEC31B
10 	 102259917 	 102262012 	 SEC31B
10 	 102261468 	 102262012 	 SEC31B
10 	 102262242 	 102265119 	 SEC31B
10 	 102265253 	 102265798 	 SEC31B
10 	 102265959 	 102266079 	 NDUFB8
10 	 102265959 	 102266079 	 SEC31B
10 	 102266178 	 102267183 	 NDUFB8
10 	 102266178 	 102267183 	 SEC31B
10 	 102266178 	 102267666 	 SEC31B
10 	 102267325 	 102267666 	 NDUFB8
10 	 102267325 	 102267666 	 SEC31B
10 	 102267806 	 102268219 	 SEC31B
10 	 102267806 	 102268765 	 SEC31B
10 	 102267809 	 102268219 	 SEC31B
10 	 102267809 	 102268765 	 NDUFB8
10 	 102267809 	 102268765 	 SEC31B
10 	 102268227 	 102268765 	 SEC31B
10 	 102268860 	 102269074 	 NDUFB8
10 	 102268860 	 102269074 	 SEC31B
10 	 102268860 	 102275854 	 NDUFB8
10 	 102268860 	 102275854 	 SEC31B
10 	 102269269 	 102275854 	 NDUFB8
10 	 102269269 	 102275854 	 SEC31B
10 	 102275977 	 102276632 	 NDUFB8
10 	 102275977 	 102276632 	 SEC31B
10 	 102276718 	 102279540 	 SEC31B
10 	 102276718 	 102283735 	 NDUFB8
10 	 102276718 	 102286157 	 NDUFB8
10 	 102276718 	 102286733 	 NDUFB8
10 	 102276718 	 102286733 	 SEC31B
10 	 102276755 	 102279540 	 SEC31B
10 	 102276801 	 102279540 	 SEC31B
10 	 102283687 	 102286157 	 NDUFB8
10 	 102283897 	 102286157 	 NDUFB8
10 	 102286312 	 102286733 	 NDUFB8
10 	 102286832 	 102289124 	 NDUFB8
10 	 102286832 	 102289138 	 NDUFB8
10 	 102286832 	 102289138 	 SEC31B
10 	 102289154 	 102296169 	 HIF1AN
10 	 102289264 	 102289525 	 NDUFB8
10 	 102289264 	 102289525 	 SEC31B
10 	 102289264 	 102289616 	 NDUFB8
10 	 102295808 	 102296169 	 HIF1AN
10 	 102295893 	 102296169 	 HIF1AN
10 	 102296419 	 102300392 	 HIF1AN
10 	 102300540 	 102304709 	 HIF1AN
10 	 102304854 	 102305701 	 HIF1AN
10 	 102305807 	 102306276 	 HIF1AN
10 	 102306339 	 102306898 	 HIF1AN
10 	 102307008 	 102307851 	 HIF1AN
10 	 102495491 	 102539256 	 PAX2
10 	 102506061 	 102506773 	 PAX2
10 	 102506061 	 102509504 	 PAX2
10 	 102506061 	 102509507 	 PAX2
10 	 102506061 	 102539256 	 PAX2
10 	 102507777 	 102509504 	 PAX2
10 	 102509672 	 102510452 	 PAX2
10 	 102510649 	 102539256 	 PAX2
10 	 102539341 	 102541004 	 PAX2
10 	 102541099 	 102566188 	 PAX2
10 	 102541123 	 102546701 	 PAX2
10 	 102541123 	 102566188 	 PAX2
10 	 102546769 	 102566188 	 PAX2
10 	 102566363 	 102568868 	 PAX2
10 	 102568994 	 102584406 	 PAX2
10 	 102584507 	 102584660 	 PAX2
10 	 102584507 	 102586767 	 PAX2
10 	 102584742 	 102586767 	 PAX2
10 	 102586853 	 102587301 	 PAX2
10 	 102673008 	 102675757 	 FAM178A
10 	 102675800 	 102676328 	 FAM178A
10 	 102677058 	 102678142 	 FAM178A
10 	 102678199 	 102683733 	 FAM178A
10 	 102684730 	 102685707 	 FAM178A
10 	 102685777 	 102689075 	 FAM178A
10 	 102689197 	 102689588 	 FAM178A
10 	 102689755 	 102690734 	 FAM178A
10 	 102690836 	 102697160 	 FAM178A
10 	 102697235 	 102698353 	 FAM178A
10 	 102698494 	 102703784 	 FAM178A
10 	 102703886 	 102705088 	 FAM178A
10 	 102705264 	 102706797 	 FAM178A
10 	 102706894 	 102707518 	 FAM178A
10 	 102707605 	 102709834 	 FAM178A
10 	 102709965 	 102710434 	 FAM178A
10 	 102710511 	 102716209 	 FAM178A
10 	 102716295 	 102719186 	 FAM178A
10 	 102719254 	 102721635 	 FAM178A
10 	 102729349 	 102729450 	 SEMA4G
10 	 102729349 	 102732287 	 SEMA4G
10 	 102729349 	 102732652 	 SEMA4G
10 	 102729662 	 102743513 	 MRPL43
10 	 102729682 	 102732287 	 SEMA4G
10 	 102732794 	 102732887 	 SEMA4G
10 	 102733035 	 102733305 	 SEMA4G
10 	 102733367 	 102737390 	 SEMA4G
10 	 102737488 	 102738053 	 SEMA4G
10 	 102738146 	 102738285 	 SEMA4G
10 	 102738398 	 102738607 	 SEMA4G
10 	 102738398 	 102738860 	 SEMA4G
10 	 102738769 	 102743513 	 MRPL43
10 	 102738776 	 102738860 	 SEMA4G
10 	 102739029 	 102739606 	 SEMA4G
10 	 102739130 	 102743513 	 MRPL43
10 	 102739750 	 102739880 	 SEMA4G
10 	 102740102 	 102740336 	 SEMA4G
10 	 102740438 	 102745205 	 RP11-108L7.4
10 	 102740451 	 102740580 	 SEMA4G
10 	 102740740 	 102740926 	 SEMA4G
10 	 102740755 	 102740926 	 SEMA4G
10 	 102740987 	 102743063 	 SEMA4G
10 	 102740987 	 102744248 	 SEMA4G
10 	 102741301 	 102743513 	 MRPL43
10 	 102743566 	 102744248 	 SEMA4G
10 	 102743575 	 102743706 	 MRPL43
10 	 102743575 	 102743792 	 MRPL43
10 	 102743575 	 102746507 	 MRPL43
10 	 102743832 	 102746507 	 MRPL43
10 	 102743832 	 102746848 	 MRPL43
10 	 102744115 	 102744248 	 SEMA4G
10 	 102744561 	 102745376 	 SEMA4G
10 	 102746330 	 102746445 	 MRPL43
10 	 102746330 	 102746507 	 MRPL43
10 	 102746733 	 102746848 	 MRPL43
10 	 102746733 	 102747071 	 MRPL43
10 	 102746954 	 102747071 	 MRPL43
10 	 102747315 	 102749464 	 C10orf2
10 	 102747371 	 102749402 	 C10orf2
10 	 102747638 	 102749402 	 C10orf2
10 	 102749211 	 102749402 	 C10orf2
10 	 102749642 	 102750194 	 C10orf2
10 	 102750301 	 102750627 	 C10orf2
10 	 102750768 	 102752948 	 C10orf2
10 	 102750812 	 102752948 	 C10orf2
10 	 102756429 	 102762255 	 LZTS2
10 	 102756992 	 102762255 	 LZTS2
10 	 102758168 	 102762255 	 LZTS2
10 	 102758739 	 102762255 	 LZTS2
10 	 102759710 	 102762255 	 LZTS2
10 	 102762704 	 102763265 	 LZTS2
10 	 102763924 	 102765216 	 LZTS2
10 	 102765473 	 102766243 	 LZTS2
10 	 102768608 	 102769008 	 PDZD7
10 	 102769108 	 102770030 	 PDZD7
10 	 102770637 	 102771448 	 PDZD7
10 	 102771519 	 102771683 	 PDZD7
10 	 102771774 	 102771925 	 PDZD7
10 	 102772016 	 102775394 	 PDZD7
10 	 102772016 	 102777857 	 PDZD7
10 	 102775569 	 102776135 	 PDZD7
10 	 102776185 	 102777857 	 PDZD7
10 	 102777373 	 102777857 	 PDZD7
10 	 102778054 	 102778580 	 PDZD7
10 	 102778975 	 102780376 	 PDZD7
10 	 102780436 	 102781556 	 PDZD7
10 	 102781703 	 102781967 	 PDZD7
10 	 102782143 	 102783194 	 PDZD7
10 	 102783368 	 102783686 	 PDZD7
10 	 102783826 	 102789752 	 PDZD7
10 	 102790142 	 102790831 	 PDZD7
10 	 102791292 	 102792072 	 SFXN3
10 	 102792240 	 102794450 	 SFXN3
10 	 102794613 	 102795255 	 SFXN3
10 	 102795425 	 102795761 	 SFXN3
10 	 102795859 	 102796244 	 SFXN3
10 	 102796319 	 102796425 	 SFXN3
10 	 102796319 	 102796481 	 SFXN3
10 	 102796566 	 102796834 	 SFXN3
10 	 102796961 	 102797140 	 SFXN3
10 	 102797189 	 102797266 	 SFXN3
10 	 102797189 	 102798401 	 SFXN3
10 	 102798450 	 102798933 	 SFXN3
10 	 102798980 	 102799247 	 SFXN3
10 	 102821873 	 102822300 	 KAZALD1
10 	 102821873 	 102822744 	 KAZALD1
10 	 102821873 	 102823964 	 KAZALD1
10 	 102822861 	 102823964 	 KAZALD1
10 	 102822861 	 102824019 	 KAZALD1
10 	 102824179 	 102824259 	 KAZALD1
10 	 102824406 	 102824584 	 KAZALD1
10 	 102824701 	 102827006 	 KAZALD1
10 	 102826306 	 102827006 	 KAZALD1
10 	 102850460 	 102886718 	 TLX1NB
10 	 102886856 	 102890515 	 TLX1NB
10 	 102886856 	 102890544 	 TLX1NB
10 	 102891867 	 102893897 	 TLX1
10 	 102891867 	 102893933 	 TLX1
10 	 102892832 	 102893933 	 TLX1
10 	 102894134 	 102895112 	 TLX1
10 	 102894134 	 102896426 	 TLX1
10 	 102894134 	 102896449 	 TLX1
10 	 102896687 	 102899109 	 RP11-31L23.3
10 	 102936455 	 102936747 	 RP11-324L3.1
10 	 102936860 	 102941448 	 RP11-324L3.1
10 	 102940956 	 102941280 	 RP11-324L3.5
10 	 102941503 	 102950829 	 RP11-324L3.1
10 	 102950970 	 102951068 	 RP11-324L3.1
10 	 102951268 	 102953456 	 RP11-324L3.1
10 	 102987548 	 102988249 	 LBX1
10 	 102989572 	 102992012 	 LBX1-AS1
10 	 102992192 	 102997697 	 LBX1-AS1
10 	 102997468 	 102997697 	 LBX1-AS1
10 	 102997805 	 102997989 	 LBX1-AS1
10 	 102997805 	 103027330 	 LBX1-AS1
10 	 102998024 	 102998278 	 LBX1-AS1
10 	 103014325 	 103020625 	 RP11-107I14.4
10 	 103020723 	 103022933 	 RP11-107I14.4
10 	 103027456 	 103029726 	 LBX1-AS1
10 	 103070998 	 103071105 	 RP11-107I14.2
10 	 103082520 	 103082603 	 RP11-107I14.5
10 	 103082761 	 103083068 	 RP11-107I14.5
10 	 103113986 	 103190103 	 BTRC
10 	 103113986 	 103213259 	 BTRC
10 	 103113986 	 103221739 	 BTRC
10 	 103114367 	 103190103 	 BTRC
10 	 103190210 	 103221722 	 BTRC
10 	 103190210 	 103221739 	 BTRC
10 	 103190210 	 103239126 	 BTRC
10 	 103213314 	 103221739 	 BTRC
10 	 103221816 	 103239126 	 BTRC
10 	 103239215 	 103281397 	 BTRC
10 	 103281628 	 103285771 	 BTRC
10 	 103285957 	 103290995 	 BTRC
10 	 103291091 	 103292053 	 BTRC
10 	 103292190 	 103292710 	 BTRC
10 	 103292828 	 103294419 	 BTRC
10 	 103294668 	 103295112 	 BTRC
10 	 103295230 	 103296301 	 BTRC
10 	 103296411 	 103298051 	 BTRC
10 	 103298129 	 103310457 	 BTRC
10 	 103310649 	 103312913 	 BTRC
10 	 103330507 	 103339818 	 DPCD
10 	 103330507 	 103339916 	 DPCD
10 	 103339575 	 103340006 	 POLL
10 	 103339596 	 103340006 	 POLL
10 	 103340066 	 103347034 	 DPCD
10 	 103340174 	 103342521 	 POLL
10 	 103342649 	 103343266 	 POLL
10 	 103343439 	 103344360 	 POLL
10 	 103343439 	 103344636 	 POLL
10 	 103343439 	 103345620 	 POLL
10 	 103343439 	 103347004 	 POLL
10 	 103344478 	 103344636 	 POLL
10 	 103344677 	 103345074 	 POLL
10 	 103344677 	 103345620 	 POLL
10 	 103344677 	 103347004 	 POLL
10 	 103345236 	 103345620 	 POLL
10 	 103345914 	 103346880 	 POLL
10 	 103345914 	 103347004 	 POLL
10 	 103345914 	 103347962 	 POLL
10 	 103346958 	 103347050 	 POLL
10 	 103346958 	 103347962 	 POLL
10 	 103347140 	 103347962 	 POLL
10 	 103347164 	 103347580 	 POLL
10 	 103347164 	 103347643 	 POLL
10 	 103347164 	 103347962 	 POLL
10 	 103347215 	 103347591 	 DPCD
10 	 103347215 	 103354416 	 DPCD
10 	 103348158 	 103354416 	 DPCD
10 	 103354496 	 103356351 	 DPCD
10 	 103354496 	 103360496 	 DPCD
10 	 103360620 	 103360961 	 DPCD
10 	 103361094 	 103364898 	 DPCD
10 	 103361094 	 103368593 	 DPCD
10 	 103361094 	 103368625 	 DPCD
10 	 103361094 	 103369125 	 DPCD
10 	 103364970 	 103368625 	 DPCD
10 	 103368695 	 103369125 	 DPCD
10 	 103368802 	 103369125 	 DPCD
10 	 103371168 	 103371386 	 FBXW4
10 	 103371527 	 103372095 	 FBXW4
10 	 103372235 	 103372762 	 FBXW4
10 	 103372235 	 103384503 	 FBXW4
10 	 103384568 	 103427644 	 FBXW4
10 	 103427738 	 103432673 	 FBXW4
10 	 103432805 	 103433246 	 FBXW4
10 	 103433431 	 103436099 	 FBXW4
10 	 103436194 	 103454139 	 FBXW4
10 	 103436194 	 103454998 	 FBXW4
10 	 1034468 	 1038430 	 GTPBP4
10 	 103464463 	 103467923 	 RP11-190J1.3
10 	 1034889 	 1038430 	 GTPBP4
10 	 103530377 	 103531221 	 FGF8
10 	 103531327 	 103534490 	 FGF8
10 	 103534637 	 103534888 	 FGF8
10 	 103534637 	 103535300 	 FGF8
10 	 103534637 	 103535498 	 FGF8
10 	 103534670 	 103534888 	 FGF8
10 	 103534670 	 103535498 	 FGF8
10 	 103534670 	 103535627 	 FGF8
10 	 103534974 	 103535498 	 FGF8
10 	 103535534 	 103535627 	 FGF8
10 	 103541390 	 103541485 	 NPM3
10 	 103541612 	 103542016 	 NPM3
10 	 103541612 	 103542236 	 NPM3
10 	 103542109 	 103542236 	 NPM3
10 	 103542355 	 103542597 	 NPM3
10 	 103542355 	 103543031 	 NPM3
10 	 103542682 	 103543031 	 NPM3
10 	 103546345 	 103547122 	 MGEA5
10 	 103547281 	 103550654 	 MGEA5
10 	 103547281 	 103552597 	 MGEA5
10 	 103550846 	 103551112 	 MGEA5
10 	 103551197 	 103552597 	 MGEA5
10 	 103552659 	 103553671 	 MGEA5
10 	 103552701 	 103553444 	 MGEA5
10 	 103552701 	 103553671 	 MGEA5
10 	 103552701 	 103557738 	 MGEA5
10 	 103553502 	 103557738 	 MGEA5
10 	 103553756 	 103557738 	 MGEA5
10 	 103557912 	 103558600 	 MGEA5
10 	 103559213 	 103560000 	 MGEA5
10 	 103559213 	 103563493 	 MGEA5
10 	 103560158 	 103563493 	 MGEA5
10 	 103563777 	 103565803 	 MGEA5
10 	 103563777 	 103567488 	 MGEA5
10 	 103565901 	 103567488 	 MGEA5
10 	 103567659 	 103569942 	 MGEA5
10 	 103569974 	 103572463 	 MGEA5
10 	 103570072 	 103572788 	 MGEA5
10 	 103572681 	 103572788 	 MGEA5
10 	 103572885 	 103573313 	 MGEA5
10 	 103573364 	 103577582 	 MGEA5
10 	 103577854 	 103578564 	 MGEA5
10 	 103579006 	 103587618 	 KCNIP2-AS1
10 	 103587028 	 103587447 	 KCNIP2
10 	 103587158 	 103587447 	 KCNIP2
10 	 103587509 	 103587647 	 KCNIP2
10 	 103587697 	 103587939 	 KCNIP2-AS1
10 	 103587751 	 103587909 	 KCNIP2
10 	 103587751 	 103588147 	 KCNIP2
10 	 103588016 	 103588147 	 KCNIP2
10 	 103588016 	 103588385 	 KCNIP2
10 	 103588217 	 103588385 	 KCNIP2
10 	 103588454 	 103588577 	 KCNIP2
10 	 103588454 	 103588833 	 KCNIP2
10 	 103588475 	 103588833 	 KCNIP2
10 	 103588604 	 103588833 	 KCNIP2
10 	 103588607 	 103588833 	 KCNIP2
10 	 103588957 	 103589602 	 KCNIP2
10 	 103588957 	 103590182 	 KCNIP2
10 	 103588957 	 103590830 	 KCNIP2
10 	 103588957 	 103599511 	 KCNIP2
10 	 103588957 	 103603254 	 KCNIP2
10 	 103589655 	 103590830 	 KCNIP2
10 	 103589700 	 103590830 	 KCNIP2
10 	 103590925 	 103603254 	 KCNIP2
10 	 103607378 	 103609534 	 C10orf76
10 	 103609650 	 103649170 	 C10orf76
10 	 103649248 	 103699621 	 C10orf76
10 	 103699696 	 103716355 	 C10orf76
10 	 103716481 	 103717408 	 C10orf76
10 	 103717490 	 103734970 	 C10orf76
10 	 103735058 	 103750309 	 C10orf76
10 	 103750369 	 103751727 	 C10orf76
10 	 103751796 	 103753296 	 C10orf76
10 	 103751796 	 103755055 	 C10orf76
10 	 103753361 	 103755055 	 C10orf76
10 	 103755113 	 103761729 	 C10orf76
10 	 103761830 	 103766298 	 C10orf76
10 	 103766391 	 103769132 	 C10orf76
10 	 103769207 	 103769735 	 C10orf76
10 	 103769781 	 103771481 	 C10orf76
10 	 103771541 	 103772591 	 C10orf76
10 	 103772634 	 103773726 	 C10orf76
10 	 103773782 	 103783235 	 C10orf76
10 	 103783321 	 103783433 	 C10orf76
10 	 103783507 	 103784914 	 C10orf76
10 	 103785006 	 103789396 	 C10orf76
10 	 103789503 	 103792691 	 C10orf76
10 	 103789503 	 103792784 	 C10orf76
10 	 103792930 	 103793041 	 C10orf76
10 	 103793097 	 103799771 	 C10orf76
10 	 103799883 	 103815843 	 C10orf76
10 	 1038600 	 1041870 	 GTPBP4
10 	 1038600 	 1042047 	 GTPBP4
10 	 103868081 	 103868787 	 LDB1
10 	 103868935 	 103869142 	 LDB1
10 	 103869265 	 103869358 	 LDB1
10 	 103869441 	 103869679 	 LDB1
10 	 103869801 	 103870287 	 LDB1
10 	 103870459 	 103870627 	 LDB1
10 	 103870729 	 103870827 	 LDB1
10 	 103870902 	 103871014 	 LDB1
10 	 103871058 	 103871192 	 LDB1
10 	 103871294 	 103874164 	 LDB1
10 	 103871294 	 103879844 	 LDB1
10 	 103892979 	 103897608 	 PPRC1
10 	 103897796 	 103898377 	 PPRC1
10 	 103898523 	 103898637 	 PPRC1
10 	 103898738 	 103898858 	 PPRC1
10 	 103901762 	 103902803 	 PPRC1
10 	 103902856 	 103904008 	 PPRC1
10 	 103904065 	 103904778 	 PPRC1
10 	 103904065 	 103908130 	 PPRC1
10 	 103904848 	 103906430 	 PPRC1
10 	 103907150 	 103908130 	 PPRC1
10 	 103908279 	 103908386 	 PPRC1
10 	 103908452 	 103908575 	 PPRC1
10 	 103908696 	 103908936 	 PPRC1
10 	 103909087 	 103909684 	 PPRC1
10 	 103912288 	 103916777 	 NOLC1
10 	 103912288 	 103916947 	 NOLC1
10 	 103912288 	 103917807 	 NOLC1
10 	 103912288 	 103918951 	 NOLC1
10 	 103916832 	 103916944 	 NOLC1
10 	 103916832 	 103916947 	 NOLC1
10 	 103916832 	 103917207 	 NOLC1
10 	 103917086 	 103917189 	 NOLC1
10 	 103917313 	 103917807 	 NOLC1
10 	 103917972 	 103918951 	 NOLC1
10 	 103919066 	 103919191 	 NOLC1
10 	 103919096 	 103919191 	 NOLC1
10 	 103919326 	 103919654 	 NOLC1
10 	 103919782 	 103919991 	 NOLC1
10 	 103919782 	 103920210 	 NOLC1
10 	 103920101 	 103920210 	 NOLC1
10 	 103920851 	 103921314 	 NOLC1
10 	 103921420 	 103921591 	 NOLC1
10 	 103921683 	 103921869 	 NOLC1
10 	 103921683 	 103923529 	 NOLC1
10 	 103986407 	 103987384 	 ELOVL3
10 	 103987515 	 103988175 	 ELOVL3
10 	 103988326 	 103988583 	 ELOVL3
10 	 103990182 	 103990236 	 PITX3
10 	 103990859 	 103991346 	 PITX3
10 	 103991548 	 103991721 	 PITX3
10 	 103991850 	 104001091 	 PITX3
10 	 104005539 	 104018687 	 GBF1
10 	 104018792 	 104019808 	 GBF1
10 	 104019874 	 104103809 	 GBF1
10 	 10407213 	 10408187 	 RP11-271F18.1
10 	 104103940 	 104111014 	 GBF1
10 	 104111132 	 104111601 	 GBF1
10 	 104111709 	 104112216 	 GBF1
10 	 104112276 	 104113358 	 GBF1
10 	 104113412 	 104117797 	 GBF1
10 	 104117944 	 104118264 	 GBF1
10 	 104118487 	 104119028 	 GBF1
10 	 104119193 	 104119942 	 GBF1
10 	 104119193 	 104120780 	 GBF1
10 	 104120153 	 104120780 	 GBF1
10 	 104120878 	 104121476 	 GBF1
10 	 104121670 	 104122233 	 GBF1
10 	 104122422 	 104123014 	 GBF1
10 	 104123154 	 104123468 	 GBF1
10 	 104123556 	 104125155 	 GBF1
10 	 104125357 	 104126141 	 GBF1
10 	 104126264 	 104126843 	 GBF1
10 	 104126968 	 104127236 	 GBF1
10 	 104127318 	 104127976 	 GBF1
10 	 104128212 	 104128497 	 GBF1
10 	 104128590 	 104128969 	 GBF1
10 	 104129145 	 104129469 	 GBF1
10 	 104129533 	 104129619 	 GBF1
10 	 104129742 	 104129932 	 GBF1
10 	 104130003 	 104130142 	 GBF1
10 	 104130236 	 104130465 	 GBF1
10 	 104130618 	 104135117 	 GBF1
10 	 104135342 	 104136030 	 GBF1
10 	 104136190 	 104136318 	 GBF1
10 	 104136558 	 104136693 	 GBF1
10 	 104136898 	 104139042 	 GBF1
10 	 104139192 	 104139279 	 GBF1
10 	 104139409 	 104139611 	 GBF1
10 	 104139712 	 104140007 	 GBF1
10 	 104140120 	 104140264 	 GBF1
10 	 104140444 	 104140885 	 GBF1
10 	 104141013 	 104141814 	 GBF1
10 	 104154313 	 104155646 	 NFKB2
10 	 104154358 	 104155646 	 NFKB2
10 	 104154532 	 104155646 	 NFKB2
10 	 104155554 	 104155646 	 NFKB2
10 	 104155738 	 104156011 	 NFKB2
10 	 104156092 	 104156207 	 NFKB2
10 	 104156247 	 104156483 	 NFKB2
10 	 104156581 	 104156662 	 NFKB2
10 	 104156813 	 104157060 	 NFKB2
10 	 104157166 	 104157285 	 NFKB2
10 	 104157443 	 104157739 	 NFKB2
10 	 104157843 	 104157970 	 NFKB2
10 	 104158055 	 104158143 	 NFKB2
10 	 104158281 	 104158497 	 NFKB2
10 	 104158622 	 104159046 	 NFKB2
10 	 104159255 	 104159335 	 NFKB2
10 	 104159476 	 104159685 	 NFKB2
10 	 104159476 	 104159838 	 NFKB2
10 	 104159952 	 104160036 	 NFKB2
10 	 104160249 	 104160413 	 NFKB2
10 	 104160582 	 104160705 	 NFKB2
10 	 104160807 	 104160938 	 NFKB2
10 	 104161089 	 104161207 	 NFKB2
10 	 104161276 	 104161503 	 NFKB2
10 	 104161675 	 104161806 	 NFKB2
10 	 104161917 	 104162010 	 NFKB2
10 	 104161917 	 104162013 	 NFKB2
10 	 104163188 	 104163600 	 PSD
10 	 104163743 	 104164341 	 PSD
10 	 104164485 	 104164656 	 PSD
10 	 104164813 	 104164941 	 PSD
10 	 104165011 	 104165104 	 PSD
10 	 104165294 	 104166981 	 PSD
10 	 104165369 	 104166981 	 PSD
10 	 104167024 	 104168653 	 PSD
10 	 104167024 	 104170616 	 PSD
10 	 104170705 	 104170816 	 PSD
10 	 104170874 	 104171465 	 PSD
10 	 104171577 	 104171905 	 PSD
10 	 104171985 	 104172139 	 PSD
10 	 104172333 	 104173527 	 PSD
10 	 104173955 	 104174621 	 PSD
10 	 104174987 	 104175775 	 PSD
10 	 104175877 	 104176143 	 PSD
10 	 104176879 	 104178459 	 PSD
10 	 104178517 	 104179414 	 PSD
10 	 104178517 	 104179632 	 PSD
10 	 104178517 	 104179839 	 PSD
10 	 104179172 	 104179669 	 FBXL15
10 	 104179172 	 104180810 	 FBXL15
10 	 104180046 	 104180650 	 PSD
10 	 104180057 	 104180810 	 FBXL15
10 	 104180455 	 104180810 	 FBXL15
10 	 104180715 	 104180810 	 FBXL15
10 	 104180940 	 104181112 	 FBXL15
10 	 104181265 	 104181545 	 FBXL15
10 	 104182050 	 104182562 	 FBXL15
10 	 104183330 	 104183415 	 CUEDC2
10 	 104183475 	 104183556 	 CUEDC2
10 	 104183617 	 104183754 	 CUEDC2
10 	 104183936 	 104184022 	 CUEDC2
10 	 104184152 	 104184257 	 CUEDC2
10 	 104184318 	 104184407 	 CUEDC2
10 	 104184550 	 104184873 	 CUEDC2
10 	 104184550 	 104192284 	 CUEDC2
10 	 104184956 	 104192284 	 CUEDC2
10 	 1041973 	 1042047 	 GTPBP4
10 	 104209780 	 104209945 	 RP11-18I14.10
10 	 104210088 	 104211157 	 RP11-18I14.10
10 	 104210088 	 104215095 	 RP11-18I14.10
10 	 104210118 	 104211157 	 RP11-18I14.10
10 	 104210395 	 104215095 	 RP11-18I14.10
10 	 104210776 	 104211157 	 RP11-18I14.10
10 	 104210905 	 104211144 	 C10orf95
10 	 104211313 	 104211848 	 RP11-18I14.10
10 	 104211945 	 104215095 	 RP11-18I14.10
10 	 104215185 	 104220649 	 RP11-18I14.10
10 	 1042183 	 1043149 	 GTPBP4
10 	 104221208 	 104225740 	 TMEM180
10 	 104225845 	 104228045 	 TMEM180
10 	 104225845 	 104228713 	 TMEM180
10 	 104228090 	 104228511 	 TMEM180
10 	 104228600 	 104228713 	 TMEM180
10 	 104228955 	 104229350 	 TMEM180
10 	 104228955 	 104229751 	 TMEM180
10 	 104229641 	 104229751 	 TMEM180
10 	 104229833 	 104230423 	 TMEM180
10 	 104229833 	 104231031 	 TMEM180
10 	 104230875 	 104231031 	 TMEM180
10 	 104231154 	 104231780 	 TMEM180
10 	 104231154 	 104232612 	 TMEM180
10 	 104232708 	 104233328 	 TMEM180
10 	 104233499 	 104233577 	 TMEM180
10 	 104233770 	 104235480 	 TMEM180
10 	 104240723 	 104240890 	 ACTR1A
10 	 104240930 	 104241595 	 ACTR1A
10 	 104240930 	 104241759 	 ACTR1A
10 	 104240930 	 104242769 	 ACTR1A
10 	 104241656 	 104241759 	 ACTR1A
10 	 104241933 	 104242769 	 ACTR1A
10 	 104242861 	 104243918 	 ACTR1A
10 	 104244134 	 104245367 	 ACTR1A
10 	 104245491 	 104247908 	 ACTR1A
10 	 104248033 	 104248821 	 ACTR1A
10 	 104248033 	 104250307 	 ACTR1A
10 	 104248896 	 104250307 	 ACTR1A
10 	 104248896 	 104262358 	 ACTR1A
10 	 104250371 	 104262358 	 ACTR1A
10 	 104264092 	 104268927 	 SUFU
10 	 104269061 	 104309728 	 SUFU
10 	 104309864 	 104352340 	 SUFU
10 	 1043249 	 1044944 	 GTPBP4
10 	 104350802 	 104352340 	 SUFU
10 	 104352482 	 104353394 	 SUFU
10 	 104353479 	 104353751 	 SUFU
10 	 104353823 	 104356898 	 SUFU
10 	 104357051 	 104359191 	 SUFU
10 	 104359302 	 104375026 	 SUFU
10 	 104375160 	 104377048 	 SUFU
10 	 104377186 	 104378824 	 SUFU
10 	 104377186 	 104386933 	 SUFU
10 	 104387001 	 104389824 	 SUFU
10 	 104404945 	 104414411 	 TRIM8
10 	 104404945 	 104414838 	 TRIM8
10 	 104409036 	 104414411 	 TRIM8
10 	 104414506 	 104414838 	 TRIM8
10 	 104415071 	 104415864 	 TRIM8
10 	 104415895 	 104416003 	 TRIM8
10 	 104415895 	 104416028 	 TRIM8
10 	 104416143 	 104416505 	 TRIM8
10 	 104436699 	 104445574 	 ARL3
10 	 104445759 	 104449651 	 ARL3
10 	 104449701 	 104459131 	 ARL3
10 	 104459247 	 104465104 	 ARL3
10 	 104465247 	 104474031 	 ARL3
10 	 104474439 	 104474981 	 SFXN2
10 	 104474439 	 104475992 	 SFXN2
10 	 104474439 	 104476347 	 SFXN2
10 	 104474439 	 104476372 	 SFXN2
10 	 104474439 	 104484694 	 SFXN2
10 	 104474439 	 104486370 	 SFXN2
10 	 104474753 	 104476372 	 SFXN2
10 	 104475086 	 104486370 	 SFXN2
10 	 104476087 	 104486370 	 SFXN2
10 	 104476469 	 104477461 	 SFXN2
10 	 104476469 	 104486370 	 SFXN2
10 	 104477538 	 104486370 	 SFXN2
10 	 104484754 	 104486370 	 SFXN2
10 	 104486535 	 104486745 	 SFXN2
10 	 104486555 	 104486745 	 SFXN2
10 	 104486915 	 104487433 	 SFXN2
10 	 104486915 	 104488189 	 SFXN2
10 	 104487549 	 104488189 	 SFXN2
10 	 104488287 	 104489077 	 SFXN2
10 	 104488287 	 104489481 	 SFXN2
10 	 104488287 	 104492617 	 SFXN2
10 	 104489152 	 104489481 	 SFXN2
10 	 104489566 	 104491481 	 SFXN2
10 	 104489566 	 104492617 	 SFXN2
10 	 104491541 	 104491910 	 SFXN2
10 	 104491976 	 104492617 	 SFXN2
10 	 104492666 	 104493312 	 SFXN2
10 	 104493361 	 104495620 	 SFXN2
10 	 104495667 	 104497421 	 SFXN2
10 	 1045036 	 1046618 	 GTPBP4
10 	 104503901 	 104557751 	 WBP1L
10 	 104536175 	 104557751 	 WBP1L
10 	 104557853 	 104569651 	 WBP1L
10 	 104569812 	 104572353 	 WBP1L
10 	 104590743 	 104591266 	 CYP17A1
10 	 104591369 	 104592269 	 CYP17A1
10 	 104592438 	 104592751 	 CYP17A1
10 	 104592629 	 104593935 	 CYP17A1-AS1
10 	 104592966 	 104593794 	 CYP17A1
10 	 104593880 	 104594543 	 CYP17A1
